29.8	1.3
14.1	0.15
1.4	6.4
34.3	7.15
28.4	11.75
24.3	13.9
34.8	16.95
25.4	16.4
2.6	16.95
77.7	10.2
165.9	7.15
131.7	6.3
73	6.2
13.7	2.85
31	5.8
55.1	8.75
54.9	11.3
20.1	15.95
79.5	15.9
51.9	16.6
90.8	14.25
32	11.05
106.1	6.5
76.8	4.45
36.2	3.65
43.7	4.35
3.7	4.75
75.8	8.25
72.8	11.95
89.7	15.25
80.6	15.85
90.4	15.15
62.9	12
18.1	9.3
90.6	8.05
28.8	5.3
38.3	6.45
3.5	2.7
54.4	5
62.1	7.55
139.1	11.15
14.6	14.35
61.6	16.65
64.7	18.25
66	13.7
120.8	9.5
31.5	6.8
17.7	5.85
44.5	2.3
88.6	4.65
60.6	8.1
25.3	9.45
44.9	12.9
34.1	16
47.5	18.75
20.5	18.65
52.8	15.65
36.3	10.35
28.5	5.8
7.8	1.4
47.8	4.05
7.7	3.5
45.2	5.45
53	8.6
18	12.25
36.6	15.85
24	19.1
46.2	16.25
61.4	15.45
34.9	11.05
41.4	6.6
142.2	8.2
13.9	4.9
52	6.1
11.4	6.95
91.8	8.5
35.9	10.25
114.6	15.6
12.9	18.3
45.3	17.75
116.3	14.45
94.9	10.05
103.1	7.35
78.8	3.25
80.3	4.45
39.6	2.95
46.5	7.55
41.8	6.8
10.7	11.95
91.6	15.3
87.1	15.8
21	16.95
83.7	15
33.6	9.5
67.7	5.6
50.7	5.35
84.8	5.45
120.3	6.5
77.5	4.25
66.9	9.65
66.7	12.85
39.8	15
35.2	16.9
11.2	18.05
50.4	14.2
68.6	11
31	5.1
48.5	3.35
67.3	6.1
21.3	5.1
8.9	9.9
2.7	7.75
50.1	11.2
24.3	15.55
30.4	16.35
91.8	17.25
54.5	14.55
72	10.9
80.6	9.9
73.5	4.35
113	4.85
26.6	6.15
40	6.2
76.8	9.5
30.1	11.8
49.9	14.6
106.2	15.95
42.6	16.95
13.8	15.05
134	8.85
104.3	9.4
36.3	3.1
74.2	-1.35
55.8	2.9
64.3	6.65
45.2	9.45
38	13.2
15.3	16.85
61	15.8
1.8	16.6
24.1	13.9
67.1	9.95
175.5	7.3
32.8	3.7
64.4	0.9
63.9	4.3
64.5	5.4
26.3	7.15
43.7	9.55
52.9	15.95
112.7	18.35
85.1	15.3
10.6	14.7
28.8	10.55
66.6	7.1
29.8	5.5
87.5	0.75
16.8	0.1
60.3	5.65
26	9.7
78.8	11.8
4.1	15.5
46.8	16.35
94.2	17.3
28.4	14.3
89.4	10.95
50	5.15
85.9	7.05
96.5	5.6
23.7	6.1
19.6	6.95
25.7	11.55
57.4	12.95
43	15.2
25	17.45
56.9	17.1
44	14
62	10.9
35.1	6.35
26	3.5
36.3	6.1
23.2	3.65
6.5	5.75
36.2	10.95
18.1	12.4
52.2	14.3
56.2	17.3
49	18.1
64.8	13.25
85.6	9.9
91	6.7
40.5	3.4
49.9	0.6
46.8	7.8
20.4	8.5
32.6	10.85
54	13.1
66.2	15.25
52	17.45
37.2	16.5
47.5	15.05
69.4	12.25
4.8	7.2
88.9	5.3
35.2	3
56.1	6.7
24.4	5.45
34.4	10.55
78.6	10.95
58.3	13.8
32.2	17.5
92.2	15.75
85.4	14.7
20.2	10.4
114.1	8.45
53.8	3.05
35.2	2.15
42.5	-2.3
132.9	4.5
47	9.5
47.9	14.1
27.4	16.45
43.2	18.1
15	19.45
29.3	15.9
10.5	10.7
32.2	7.75
44.9	5.45
127.3	6.15
22.6	5.05
18.5	8.75
42.6	9.6
126	12
53.7	14.2
21.7	16.6
87.3	16
63.1	14.9
59.3	10.35
38.3	7.35
68.7	6.25
23.4	5.85
25.8	5.95
43.2	5.35
33.4	10.8
61.4	11.65
11.7	15.95
23	18.75
37.7	17.75
58.3	17.25
161.8	12.35
64.2	6.65
34.6	6.2
14.2	4.2
103.9	6.15
22.3	7.9
54.4	8.35
55.5	11.55
39.1	16.95
135.5	16.65
77.6	16.5
73	13.65
12.9	10
112.3	6.35
33.3	1.5
78	4.55
87.5	4.15
90.2	4.8
64.8	7.45
53.4	10.5
35.9	14.55
34.2	17.2
93.7	15.8
125.1	14.75
22.9	9.4
132.1	8.95
39.8	6
46.4	3.15
13.3	3.6
61.1	7.2
41.2	10.3
56.6	14.3
34	15.5
7.5	17.95
108.5	16.85
43	11.45
95.5	9.25
96.8	4.15
55.2	2.7
21.8	3.1
40.4	4.2
17.2	5.55
53	8
42.8	13.05
40.5	14.6
82.1	16.05
74.1	16.95
47.3	14.3
56	10.25
39.7	8.6
18	7.25
33	2.95
59.7	3.35
64.4	6.5
10.1	7.8
53.3	11.55
92.3	14.1
55.8	14.95
80.1	15.25
66.3	13.5
54.9	12.55
112.2	7.35
51.4	7
62.7	2.85
36.3	1.7
36.5	3.55
16.6	10.1
113.5	10.3
107.4	14.7
7.4	18.15
11.5	18.95
38.3	14.7
40.1	9.65
35.4	7.05
79.1	5.8
99.5	3.85
11.4	-0.5
17.3	6.5
48.1	7.4
8.5	12.65
62.7	13.75
62	16.7
114.9	14.5
60	14.75
45.9	9.7
19.7	6
80.7	5.85
41	5.8
71.7	6.15
43.1	9.75
9.9	9.3
42.4	10.8
55.7	16.15
85.4	17.45
95.9	16.25
101.5	13.3
52.6	11.5
50.5	6.25
64.4	4.5
90.2	3.8
65.4	5.65
34.6	4.35
27.5	7.85
54.4	12.15
84.2	14.9
63.6	16.55
67.3	16.45
80.3	15.55
72.5	11.25
76.7	6.75
83.5	5.05
94.1	2.15
2.2	4.2
86.6	7.75
52.2	10.25
25.8	13
25.2	15.95
64.9	18.35
44	18.15
5.4	15.6
49.1	12.55
44.9	7.15
124	6.3
82.3	4.05
50.6	4.7
24.9	6.85
16.9	9.4
61.4	13.3
111	16.85
110.1	15.75
50.5	15.7
104.8	13.8
138.6	10.85
106.1	7.75
107.5	4.4
86.1	4.2
53.4	7.6
4.5	8.65
75.9	10.7
28	11.75
33.9	15.55
54.3	16.5
59.1	16.55
56.9	15.95
67.7	11.25
36.9	6.15
97.8	2.5
94.7	4.55
10.3	4.55
32.4	3.3
50.7	8.25
38.6	10.9
5.5	14.55
54.6	16
96.1	15.5
115	13.25
29.6	10.8
55.1	5.55
50.4	1.3
27.9	-3
10.4	-0.7
75.9	6.45
50.4	9.45
43.6	11.25
65.9	15.45
48	15.9
81.4	14.95
58	13.65
44.4	11.6
115.4	8.85
18.6	2.45
13	3.35
22.2	4.95
92.6	4.65
59.5	9.15
44.4	13.95
49.3	14.65
21.2	17.35
14.6	16.75
15.5	15.1
17.5	9.1
25	7.75
43.7	3.75
56	3.8
5.8	3.05
44.2	5.95
49.4	8.8
63.8	12.35
53.4	14.95
90	14.75
61.7	15.55
75.4	13
12	11.1
51.2	4.95
95.5	5.25
30.8	2.9
74.9	6.8
9.9	6.95
81.7	8.05
54	11.75
56.6	16.05
80.9	15.75
78.8	15.5
52.5	14.4
122.7	11.05
28	5.6
80.4	6.05
35.5	4.9
64.3	5.9
30.7	7.65
40.4	8.35
85.6	11.55
49.3	14.7
76.6	17.9
44	16.5
59.4	14.3
121.7	11.5
29.2	5.95
63.3	4.55
57.9	4.65
26.8	2.3
19.5	7.2
46.1	8.7
66.2	10.6
69.2	15.65
141.6	15.85
91.7	15.85
108.3	14.55
67.7	13.2
54.5	6.75
63.6	3.1
74.9	6.1
39.9	1.65
48.3	4.2
37	8.4
88.8	12.35
20.7	14.7
49	18.15
87.9	17.25
32.8	14.25
5	13.3
52	6.1
72.9	3.6
66.6	4.25
49.2	3.6
45.8	4.1
75.9	7.55
22.9	13.75
43	17
42.3	16.15
51.9	16.6
40.3	15.3
19.5	11.2
150.3	8.5
33.9	4.25
105.3	4.85
22.1	4.7
42.9	5.45
44.8	8.15
46.3	12.35
135.8	13.05
37.3	18.15
133.2	16.5
13.4	14.65
74.2	11.6
61.3	6.4
24	6.65
60.5	4.2
50.8	4.75
63.2	7.3
45.8	8.8
49.8	11.25
55.8	12.7
23.3	16.4
29.8	16.15
31	12.4
25.9	11.1
65.8	6.65
74	6.1
24.4	4.45
15	4.5
10.8	6.55
42.4	8.15
71.2	12.15
109.3	15.9
60	16.5
28.8	17.65
32.7	15.35
40.8	9.15
28.3	6.5
30.9	5.3
65	6.45
77.7	5.9
36.7	5.85
4.2	8.4
31.6	11.45
78.7	14.6
41.7	16.15
97.2	15.95
156.1	12.8
66.4	7.95
95.1	7.55
33.4	8.25
69.4	7.2
29.7	4.85
95.2	5.15
46.9	9.05
49	10.35
18	15.45
34.1	18.6
30.2	19.6
95.3	14.3
11	10.35
37.9	6.15
21.7	4.6
18.9	5.95
18.8	4.9
16	5.35
8.1	8.5
44.2	13.05
17.1	18.5
14.3	19.55
23.9	17.9
90.7	14.3
99.5	11.2
55.9	6.3
101.8	2.1
75.9	3.05
114.4	6.1
59.8	7.4
40.7	7.7
43.1	10.9
86.9	12.6
5.8	16.5
129	15.95
7.8	13.95
32.8	11.85
46.6	6.7
67.8	6.4
68.2	3.45
45.6	2.95
52.3	7.05
45.2	6.75
48.5	12.05
39.9	14.35
82.4	15.75
32.6	15.8
24.4	14.85
5.4	12.15
22.8	8.55
109.5	4.65
56.8	0.05
56.2	1.45
110.3	5.25
38.9	8.55
124.8	11
43.6	14.85
16.6	17.75
60.8	16
17	14.1
59.8	11.75
39.4	7.2
127.7	6.35
36.7	2.5
39.8	6.35
69.8	5.4
14.1	9.3
35.5	11.45
89.4	14.85
59.5	15.45
63.6	17
65.6	15.7
84.9	9.5
42.5	6.75
32.9	5.7
39.2	4.85
20.9	3.2
129.7	8.75
43.9	8.2
87.7	11.95
26.1	14.25
34	16.8
38.8	17.45
92.5	15.4
64.7	9
31.4	7.85
74	0.8
57.2	2.7
32	5.3
96.2	6.6
27.4	9.35
35.9	12.35
69.4	17
23.5	17.4
37.9	17.05
51.9	15.35
83.4	10.7
77.3	8.45
62.4	4.8
45.7	7.25
23.8	2.05
42.5	6.8
89.5	7.75
106.3	11.3
19.4	15.3
21.7	21.1
24	18.4
59.4	14.55
53	11
42.6	7.8
49.8	5.95
81.5	4.5
35.4	3.7
50.3	5.3
1.6	8.65
72	10.25
30	15.8
13.6	18.05
32.7	18.6
91.1	14.55
54.4	11.8
101.6	8.65
44.5	5.5
44.4	1
34.7	2.35
36.7	5.15
32.7	9.1
80.5	11.5
122.5	13.25
45.8	17.15
67	15.55
19.4	15.3
29.1	11.2
41.1	4.55
108.1	7.25
67.3	3.9
7.3	-1.55
58	5.65
70.4	6.65
70.7	11.85
22.3	15.55
37.1	17.15
114.3	14.7
39	12.05
75.1	11.55
78.4	8.4
64.2	6.5
9.9	0.8
34	4.05
53.9	4.85
51.4	10.9
48.7	10.85
86	14.1
29.3	16.95
34	16.75
25.4	14.75
138.8	10.35
58.2	6.65
26	5.85
100	5.7
33.8	5.2
59.1	7
30.2	8.6
32	12.45
59.6	14.5
96.5	15.25
38.8	16.15
39.6	14.15
38.6	11.25
29.5	5.35
13.4	7.75
33.4	6.35
55.1	6.45
47	8.3
63.8	7.3
29.2	14.15
45.9	15.65
29.4	19.45
43.3	17.9
23.8	15.9
53.9	12.4
32.5	6.5
141.5	5.75
75	7.25
94.2	8.3
18.4	8.85
20.4	8.5
8.7	13.5
48.8	14.45
17.7	18
26.5	19.35
41.1	14.05
45.9	12.55
20	7.05
56.3	4.3
60.9	3.8
20.5	1.55
46.1	8.3
56.3	8.4
8.6	11.35
74.8	12.9
92.8	17.95
11.6	18.25
42.9	15.4
34.2	10.35
62.2	7.2
15.9	4.3
30.4	3.7
22	5.5
47.7	7.9
57.7	9.4
62.2	14.4
43.4	16.55
70.1	17.3
108.9	16.55
106.9	14.2
75.7	8.2
119.9	7.8
50.7	3.85
82.4	6.55
7.1	4.75
32.7	7.45
69.2	9.9
56.6	12.3
40.1	16.1
51.3	16.55
26.7	15.8
96.1	13
112.4	8.95
51	5.3
98	6.05
82.2	5.9
62.4	4
41.9	8.5
52	8.8
84.5	11.45
13.5	15.8
54.2	19.3
52.5	17.05
62.6	13.5
67.4	10.5
55.7	10.55
74.6	6.75
116.3	5.35
66	7.4
49.3	6.25
18.9	9.85
54.1	12.8
6.6	15.2
37.8	19.5
4.4	20.15
98.8	14.3
33.2	13.8
98.2	8.25
99.8	2.4
35.5	4.85
60.8	3.05
27.1	5.1
49.3	9.3
35.7	9.85
23.7	15.7
25.5	18
53.1	17.45
16.1	14.35
33	12.2
81.6	6.25
16.2	3.2
11.9	2.45
76.5	7.3
7.2	9.4
17.5	9.7
61.2	12.4
66.7	15.1
25.4	17.85
104.2	20.3
18.5	15.2
57.2	10.75
94.6	8.9
58.7	6.3
60	5.6
8.7	7.8
57.4	8.6
107.7	8.5
20.9	13.9
75.9	15.3
29.5	16.7
26.8	17.15
119.4	15.7
116.4	11.3
69.9	5.75
72.7	6.3
91.9	6.2
32.9	5.75
28.8	8.2
57.6	10.2
50.9	13.95
65.3	14.9
7.2	18.75
98.3	17.25
102.1	16.6
70.8	11.1
41.1	8.05
89.8	5
19.8	5.05
78.3	7
11.9	7.95
137.2	8.6
67.7	12.9
19.4	16.35
28.5	16.55
58.3	18
87.2	15.65
119.5	11.25
99.1	7.7
99.8	6.4
57.4	3.8
68.6	5.4
75.1	6.05
72.7	8.85
35.5	13.2
23.1	15.65
57.2	18.4
92	17.8
35	14.2
92.4	14.05
38.5	7.55
29.5	3.5
57.4	6.3
70.9	7.75
33	8.5
43	10.2
58.3	12.6
42.4	15.15
89.6	17.05
53.2	17.85
24.8	14.85
109.4	10.95
133.4	9.1
98.1	6.5
81.4	4.7
17.3	4.5
25.2	8
36.8	9.95
48.1	12.8
55.5	17.1
53.8	18.55
3	19.5
17.4	14.7
31.7	8.95
89.6	8.85
70.7	5.25
66.1	5.75
25.5	5.8
51.8	7.15
68.8	10.45
41.1	13.3
23.8	16.9
83.1	17.1
135	18.8
28.9	15.9
131.4	11.65
34.2	8.35
37.7	5.7
18.2	6.6
20	4.7
44.5	7.95
50.2	10
31.5	12.4
93.4	16.8
34.9	17.85
31.3	17.65
38.5	16.4
53.4	14
38.6	6.5
50.2	4.75
16.6	4.7
33	3.7
59.3	5.6
36.3	9.65
104.7	13.3
5.3	17.4
87.3	21
58.7	17.45
90.8	17.8
118	13.9
86.4	8.6
68.7	6.85
73.3	7.6
81	6.7
36.9	7.85
1.8	11.7
135.2	12.3
78.8	15.9
105.5	16.4
38.2	16.85
17.7	14.75
68.9	11.5
56	7.8
60.6	5.35
81.6	7.5
16.9	6.1
90.3	7.05
46.9	8.9
106.6	14.1
67.3	15.6
90	17.4
77	17.35
73.5	14
39.3	10.15
94.2	7.45
37.3	4.1
47.8	3.25
54.5	4.95
20.2	7.8
36	10.85
44.8	13.25
49.3	16.35
72.8	17.75
46.6	18
9	15.4
44.4	12.3
105.2	9.75
89.9	3.8
56.4	1.85
79.8	4.2
47.6	7.25
25.5	10.35
28.6	12.45
34.5	17.05
17.9	19.05
146.2	16.75
52.5	14.55
43.4	10.95
38.6	5.55
32.7	0.25
58.8	4.45
49.3	7.4
9.3	7.8
0.5	13.35
42.5	13.65
54.1	14.75
43.1	15.8
65.6	16.05
31.8	15.7
26.3	13.35
28.4	9.9
71.2	6.2
34.6	6.7
21.3	4.25
24.3	8.8
143	8.6
55.5	13.7
151.7	15.25
100	16.55
85.6	17.7
57.6	13.8
124.2	10.25
83.3	7.15
103.3	5.6
58.5	4.15
47.4	3.55
76.6	3.25
24.8	8.4
66.2	11.3
17.3	14.75
45.7	19.7
19.3	18.1
40.6	14.45
86.5	13.1
55.2	6.85
97.7	6.8
146.9	6.4
90.1	6.95
39.2	8.15
50.2	10.7
90.3	13
36.9	16.65
45.5	19.2
85.6	16.25
4.1	16.25
65.6	13.35
98.6	8.6
44	5.55
53.6	5
46.2	4.25
25.6	7.35
22.5	10.2
55.6	12.25
28.9	15.65
47.8	17.55
57.2	17.15
36.8	13.65
45	11.5
65.3	10.2
62.9	10.85
83.9	6.2
47.6	5.9
74.2	6.2
53.1	8.45
86.1	13.55
95.7	15.95
3.4	18.55
41.2	18.55
44.6	16.95
26.5	11.2
76.1	6.35
25.8	6.3
62.8	4.05
42.8	6.75
43.1	9.75
5.4	9.9
63.6	14.2
29.7	17.8
62.3	18.6
62.8	17
64.6	14.45
17.1	12.9
48.4	7.25
74.2	5.45
59.1	5.95
24.1	3.35
87.4	5.8
52.8	10.85
80.8	14.25
3.6	17.25
20.7	20.8
50.5	18.05
40.7	14.85
52.3	11.25
61.7	8.55
72.5	7.45
